

#lambda(nm), Y
1000, 0.377653
994.024, 0.379201
988.119, 0.38047
982.283, 0.381048
976.517, 0.381291
970.817, 0.381225
965.184, 0.381044
959.615, 0.38067
954.111, 0.380201
948.669, 0.379562
943.289, 0.378779
937.97, 0.377772
932.71, 0.376403
927.509, 0.374923
922.366, 0.374072
917.279, 0.373487
912.249, 0.372613
907.273, 0.371682
902.351, 0.370587
897.482, 0.36958
892.665, 0.368461
887.9, 0.367508
883.186, 0.366462
878.521, 0.365649
873.905, 0.364761
869.338, 0.364184
864.818, 0.36357
860.345, 0.363382
855.918, 0.363286
851.536, 0.363915
847.199, 0.365653
842.905, 0.370525
838.655, 0.369884
834.448, 0.368315
830.283, 0.367399
826.159, 0.366121
822.076, 0.364873
818.033, 0.363728
814.029, 0.362606
810.065, 0.361597
806.139, 0.360547
802.251, 0.359638
798.4, 0.358686
794.586, 0.357894
790.808, 0.357051
787.066, 0.356363
783.359, 0.355612
779.688, 0.355005
776.05, 0.354327
772.446, 0.353779
768.875, 0.353158
765.337, 0.352649
761.832, 0.352068
758.359, 0.351581
754.917, 0.351025
751.506, 0.350546
748.126, 0.350009
744.776, 0.349526
741.456, 0.349002
738.166, 0.348497
734.904, 0.347975
731.672, 0.347411
728.467, 0.346873
725.291, 0.346189
722.142, 0.347239
719.02, 0.349399
715.925, 0.349461
712.857, 0.349616
709.815, 0.349629
706.799, 0.349362
703.808, 0.34883
700.843, 0.347203
697.902, 0.344869
694.986, 0.345042
692.094, 0.344611
689.227, 0.344497
686.382, 0.344395
683.562, 0.344444
680.764, 0.34438
677.989, 0.344472
675.237, 0.344529
672.507, 0.344737
669.799, 0.344932
667.112, 0.345257
664.447, 0.345601
661.804, 0.346071
659.181, 0.346593
656.579, 0.347238
653.997, 0.34796
651.436, 0.348798
648.895, 0.349733
646.373, 0.350777
643.871, 0.351936
641.388, 0.353197
638.924, 0.354587
636.48, 0.356073
634.053, 0.357699
631.646, 0.359417
629.256, 0.361286
626.884, 0.363247
624.531, 0.365373
622.195, 0.3676
619.876, 0.370014
617.574, 0.372547
615.29, 0.375299
613.022, 0.378197
610.771, 0.381356
608.537, 0.384659
606.318, 0.388178
604.116, 0.391252
601.93, 0.393819
599.76, 0.395348
597.605, 0.396221
595.465, 0.398074
593.341, 0.399487
591.232, 0.4009
589.138, 0.401797
587.059, 0.402741
584.994, 0.403433
582.944, 0.404236
580.908, 0.404853
578.886, 0.405527
576.879, 0.405989
574.885, 0.406452
572.905, 0.406683
570.938, 0.406895
568.985, 0.406883
567.045, 0.406856
565.119, 0.406623
563.205, 0.406388
561.305, 0.405966
559.417, 0.405555
557.542, 0.404975
555.679, 0.404414
553.829, 0.403706
551.991, 0.403027
550.165, 0.402227
548.352, 0.401468
546.55, 0.400631
544.76, 0.399846
542.982, 0.399063
541.215, 0.398359
539.459, 0.398135
537.716, 0.399374
535.983, 0.399194
534.261, 0.399326
532.551, 0.399006
530.851, 0.398745
529.162, 0.398515
527.484, 0.398361
525.817, 0.398182
524.16, 0.398153
522.513, 0.398228
520.877, 0.398526
519.251, 0.399018
517.635, 0.399806
516.029, 0.401322
514.433, 0.402271
512.847, 0.401846
511.27, 0.401946
509.704, 0.401771
508.147, 0.401525
506.599, 0.401116
505.061, 0.400625
503.532, 0.400287
502.012, 0.399937
500.502, 0.399982
499, 0.400489
497.507, 0.401379
496.024, 0.401572
494.549, 0.40176
493.083, 0.401805
491.626, 0.4021
490.177, 0.402256
488.737, 0.402596
487.305, 0.402802
485.881, 0.403162
484.466, 0.403421
483.059, 0.403817
481.66, 0.404141
480.269, 0.404576
478.887, 0.40496
477.512, 0.405423
476.145, 0.405852
474.786, 0.40632
473.435, 0.406765
472.091, 0.407194
470.755, 0.407593
469.426, 0.407859
468.105, 0.40798
466.791, 0.407131
465.485, 0.407178
464.186, 0.407483
462.894, 0.407994
461.61, 0.408617
460.332, 0.409169
459.062, 0.409896
457.798, 0.410661
456.542, 0.411492
455.292, 0.412331
454.049, 0.413233
452.813, 0.414168
451.584, 0.415153
450.361, 0.416157
449.145, 0.417187
447.935, 0.41823
446.732, 0.419288
445.536, 0.420358
444.346, 0.421433
443.162, 0.42251
441.984, 0.423577
440.813, 0.424639
439.648, 0.425678
438.489, 0.426704
437.336, 0.427699
436.189, 0.428677
435.048, 0.429612
433.913, 0.430524
432.784, 0.431386
431.661, 0.43222
430.544, 0.432996
429.432, 0.433743
428.326, 0.434429
427.226, 0.435086
426.132, 0.435687
425.043, 0.436268
423.959, 0.436829
422.881, 0.437488
421.809, 0.437811
420.742, 0.437561
419.68, 0.437476
418.624, 0.437441
417.573, 0.43707
416.528, 0.436912
415.487, 0.436675
414.452, 0.436465
413.422, 0.436185
412.397, 0.43604
411.377, 0.435975
410.362, 0.436068
409.352, 0.436484
408.347, 0.436896
407.347, 0.43625
406.352, 0.436296
405.361, 0.435882
404.376, 0.436848
403.395, 0.437076
402.419, 0.437019
401.448, 0.437018
400.482, 0.436799
399.52, 0.436738
398.562, 0.436618
397.61, 0.436438
396.661, 0.436254
395.718, 0.436084
394.778, 0.435911
393.844, 0.435712
392.913, 0.435484
391.987, 0.435236
391.066, 0.434955
390.149, 0.434655
389.236, 0.434296
388.327, 0.433911
387.422, 0.433437
386.522, 0.432939
385.626, 0.432306
384.734, 0.431952
383.846, 0.431953
382.962, 0.432262
382.083, 0.43218
381.207, 0.431749
380.335, 0.431287
379.468, 0.431019
378.604, 0.430783
377.744, 0.430649
376.888, 0.430398
376.036, 0.430202
375.188, 0.429888
374.344, 0.429673
373.503, 0.429395
372.666, 0.429237
371.833, 0.429038
371.004, 0.428938
370.178, 0.428798
369.356, 0.428723
368.538, 0.428617
367.723, 0.428545
366.912, 0.428465
366.104, 0.428393
365.3, 0.428352
364.5, 0.428285
363.703, 0.428317
362.909, 0.42827
362.119, 0.428588
361.332, 0.428297
360.549, 0.427643
359.769, 0.427067
358.993, 0.426361
358.22, 0.426028
357.45, 0.425337
356.683, 0.424855
355.92, 0.424328
355.16, 0.423924
354.403, 0.423384
353.65, 0.422992
352.9, 0.422514
352.152, 0.422254
351.408, 0.421837
350.668, 0.422064
349.93, 0.422149
349.195, 0.42187
348.464, 0.421491
347.735, 0.420812
347.01, 0.420514
346.287, 0.419816
345.568, 0.419193
344.851, 0.418525
344.138, 0.417927
343.427, 0.417191
342.72, 0.416471
342.015, 0.415703
341.313, 0.414971
340.614, 0.414199
339.918, 0.413422
339.225, 0.412619
338.535, 0.411808
337.847, 0.411005
337.162, 0.410188
336.48, 0.409391
335.801, 0.408561
335.124, 0.407759
334.45, 0.406922
333.779, 0.406124
333.111, 0.405708
332.445, 0.406075
331.782, 0.405402
331.121, 0.404659
330.464, 0.404248
329.808, 0.403895
329.156, 0.403488
328.506, 0.402951
327.858, 0.402356
327.213, 0.401801
326.571, 0.401253
325.931, 0.400781
325.293, 0.400286
324.658, 0.399845
324.026, 0.399352
323.396, 0.399057
322.768, 0.398632
322.143, 0.398272
321.521, 0.397746
320.9, 0.397382
320.282, 0.396916
319.667, 0.396495
319.054, 0.396046
318.443, 0.395664
317.834, 0.395223
317.228, 0.394826
316.624, 0.394396
316.023, 0.394021
315.424, 0.393623
314.826, 0.393279
314.232, 0.392928
313.639, 0.392721
313.049, 0.392697
312.461, 0.392315
311.875, 0.391914
311.291, 0.391429
310.71, 0.391022
310.131, 0.390556
309.553, 0.390105
308.978, 0.389638
308.405, 0.389218
307.835, 0.388748
307.266, 0.388315
306.699, 0.387844
306.135, 0.387428
305.573, 0.386969
305.012, 0.386557
304.454, 0.386098
303.898, 0.385692
303.343, 0.385245
302.791, 0.384854
302.241, 0.384424
301.693, 0.384116
301.147, 0.383743
300.602, 0.383429
300.06, 0.383074
299.52, 0.382612
298.981, 0.382156
298.445, 0.381797
297.91, 0.38138
297.378, 0.381002
296.847, 0.380525
296.318, 0.380092
295.791, 0.379609
295.266, 0.379176
294.743, 0.378708
294.222, 0.378264
293.702, 0.377784
293.184, 0.377304
292.669, 0.37679
292.155, 0.376263
291.642, 0.375755
291.132, 0.375476
290.623, 0.375074
290.116, 0.374444
289.611, 0.374073
289.108, 0.37361
288.606, 0.373312
288.106, 0.372809
287.608, 0.372352
287.112, 0.371862
286.617, 0.371344
286.124, 0.370832
285.633, 0.370364
285.143, 0.369868
284.655, 0.369392
284.169, 0.368851
283.684, 0.368354
283.201, 0.367811
282.72, 0.367328
282.24, 0.366766
281.762, 0.366316
281.285, 0.365895
280.81, 0.365493
280.337, 0.365107
279.865, 0.364679
279.395, 0.364294
278.927, 0.363929
278.46, 0.363548
277.994, 0.363198
277.531, 0.362884
277.068, 0.362568
276.608, 0.362295
276.148, 0.362031
275.691, 0.361783
275.234, 0.361564
274.78, 0.36129
274.327, 0.361143
273.875, 0.360903
273.425, 0.360728
272.976, 0.360581
272.529, 0.360454
272.083, 0.360307
271.639, 0.360208
271.196, 0.36012
270.754, 0.360067
270.314, 0.360006
269.876, 0.359993
269.438, 0.360007
269.003, 0.360042
268.568, 0.360054
268.135, 0.360117
267.704, 0.360161
267.274, 0.360246
266.845, 0.360352
266.418, 0.360509
265.991, 0.360633
265.567, 0.360758
265.143, 0.360873
264.721, 0.361058
264.301, 0.361174
263.882, 0.361382
263.464, 0.361573
263.047, 0.36178
262.632, 0.361989
262.218, 0.362244
261.805, 0.362508
261.393, 0.362854
260.983, 0.363149
260.574, 0.363476
260.167, 0.363768
259.761, 0.364116
259.356, 0.364415
258.952, 0.364753
258.549, 0.365086
258.148, 0.365477
257.748, 0.365863
257.349, 0.366227
256.952, 0.366582
256.555, 0.366941
256.16, 0.367285
255.766, 0.367629
255.374, 0.36797
254.982, 0.368299
254.592, 0.368625
254.203, 0.368936
253.815, 0.369257
253.428, 0.369551
253.043, 0.369861
252.658, 0.370131
252.275, 0.370422
251.893, 0.370661
251.512, 0.370934
251.132, 0.371145
250.754, 0.371405
250.376, 0.371594
250, 0.372089


